R=2.24; %Ohm
L=1.49e-2; %H

m=0.1414; %Kg
ki=0.3; %N.A-1
kx=334; %N.m-1